	Earth VS Aliens War Report
Td	ID	Tj	Df	Dd	Db
39	2014	39	39	0	39
39	2001	39	39	0	39
39	2006	39	39	0	39
39	2008	39	39	0	39
39	2009	39	39	0	39
39	2013	39	39	0	39
39	2005	39	39	0	39
40	2004	39	39	1	40
40	2007	39	39	1	40
40	2002	39	39	1	40
40	2000	39	39	1	40
40	2011	39	39	1	40
40	2010	39	39	1	40
40	2003	39	39	1	40
40	2015	39	39	1	40
40	2012	39	39	1	40
41	2020	41	41	0	41
41	2022	41	41	0	41
41	2023	41	41	0	41
41	2027	41	41	0	41
41	2017	41	41	0	41
41	2026	41	41	0	41
41	2028	41	41	0	41
41	2025	41	41	0	41
41	2024	41	41	0	41
41	2031	41	41	0	41
41	2029	41	41	0	41
41	2019	41	41	0	41
41	2016	41	41	0	41
41	2021	41	41	0	41
41	2018	41	41	0	41
42	2030	41	41	1	42

Battle Result : 
ES count : 22	ET count : 18	EG count : 24
ES_Destructed/ ES_Total = 0
	ET_Destructed/ ET_Total = 0
	EG_Destructed/ EG_Total = 0

Total_Destructed/ Total units 0